#TIC_ID Sector Camera CCD 
12421862 sector02 1 2 
114819742 sector02 1 2 
246862726 sector02 1 2 
211436297 sector02 1 2 
12394572 sector02 1 2 
246846007 sector02 1 2 
12376734 sector02 1 2 
114851071 sector02 1 2 
70797900 sector02 1 2 
211437182 sector02 1 2 
246854127 sector02 1 2 
419064111 sector02 1 2 
254303008 sector02 1 2 
340703767 sector02 1 2 
70744510 sector02 1 2 
70775634 sector02 1 2 
12510166 sector02 1 2 
211436475 sector02 1 2 
340703996 sector02 1 2 
20892891 sector02 1 2 
12358805 sector02 1 2 
12509218 sector02 1 2 
12474920 sector02 1 2 
20891505 sector02 1 2 
313889049 sector02 1 2 
246893221 sector02 1 2 
12421477 sector02 1 2 
254304085 sector02 1 2 
12471629 sector02 1 2 
246852080 sector02 1 2 
313888890 sector02 1 2 
114914153 sector02 1 2 
419066103 sector02 1 2 
20881114 sector02 1 2 
12425061 sector02 1 2 
149019616 sector02 1 2 
12470972 sector02 1 2 
313932818 sector02 1 2 
114819903 sector02 1 2 
12417837 sector02 1 2 
419052964 sector02 1 2 
114819301 sector02 1 2 
313891852 sector02 1 2 
12473516 sector02 1 2 
114850285 sector02 1 2 
12421015 sector02 1 2 
340703648 sector02 1 2 
246822815 sector02 1 2 
20879850 sector02 1 2 
471016204 sector02 1 2 
471016203 sector02 1 2 
12471917 sector02 1 2 
246849837 sector02 1 2 
246859287 sector02 1 2 
70819884 sector02 1 2 
399579416 sector02 1 2 
12421368 sector02 1 2 
246862142 sector02 1 2 
246861678 sector02 1 2 
246850618 sector02 1 2 
246859878 sector02 1 2 
152088075 sector02 1 2 
246852110 sector02 1 2 
12425092 sector02 1 2 
114808889 sector02 1 2 
12419649 sector02 1 2 
419051600 sector02 1 2 
254300704 sector02 1 2 
313934805 sector02 1 2 
12469869 sector02 1 2 
340704298 sector02 1 2 
419052554 sector02 1 2 
12395801 sector02 1 2 
12424943 sector02 1 2 
313888607 sector02 1 2 
246890327 sector02 1 2 
246861224 sector02 1 2 
12421572 sector02 1 2 
308187631 sector02 1 2 
308187436 sector02 1 2 
114819453 sector02 1 2 
471015791 sector02 1 2 
149012033 sector02 1 2 
12396004 sector02 1 2 
211437488 sector02 1 2 
12434228 sector02 1 2 
12434973 sector02 1 2 
114817235 sector02 1 2 
12423000 sector02 1 2 
114852162 sector02 1 2 
254303068 sector02 1 2 
419063569 sector02 1 2 
20891745 sector02 1 2 
12418918 sector02 1 2 
12378287 sector02 1 2 
12434227 sector02 1 2 
211437074 sector02 1 2 
246862050 sector02 1 2 
313891745 sector02 1 2 
12393896 sector02 1 2 
12418249 sector02 1 2 
399579026 sector02 1 2 
246846530 sector02 1 2 
12358595 sector02 1 2 
419053078 sector02 1 2 
246862277 sector02 1 2 
409136341 sector02 1 2 
246880963 sector02 1 2 
246821790 sector02 1 2 
114850333 sector02 1 2 
12418184 sector02 1 2 
246843416 sector02 1 2 
138711927 sector02 1 2 
399579323 sector02 1 2 
70846462 sector02 1 2 
313935348 sector02 1 2 
43361095 sector02 1 2 
246857927 sector02 1 2 
12423810 sector02 1 2 
12394460 sector02 1 2 
12419246 sector02 1 2 
246879143 sector02 1 2 
246846444 sector02 1 2 
20893237 sector02 1 2 
246822353 sector02 1 2 
114913405 sector02 1 2 
246892431 sector02 1 2 
12424034 sector02 1 2 
313888399 sector02 1 2 
114858753 sector02 1 2 
12423835 sector02 1 2 
399579137 sector02 1 2 
12422299 sector02 1 2 
70797645 sector02 1 2 
12434775 sector02 1 2 
254302955 sector02 1 2 
149010367 sector02 1 2 
211437019 sector02 1 2 
399589142 sector02 1 2 
12394777 sector02 1 2 
419052074 sector02 1 2 
340704278 sector02 1 2 
246822859 sector02 1 2 
211436943 sector02 1 2 
12378315 sector02 1 2 
70775470 sector02 1 2 
313932450 sector02 1 2 
12471836 sector02 1 2 
419063630 sector02 1 2 
399589132 sector02 1 2 
327995010 sector02 1 2 
246879112 sector02 1 2 
70775541 sector02 1 2 
246819834 sector02 1 2 
12474669 sector02 1 2 
399579395 sector02 1 2 
246821371 sector02 1 2 
114809895 sector02 1 2 
246855533 sector02 1 2 
327953761 sector02 1 2 
246851824 sector02 1 2 
313936270 sector02 1 2 
12422746 sector02 1 2 
327995154 sector02 1 2 
313932653 sector02 1 2 
313891028 sector02 1 2 
246850314 sector02 1 2 
419065743 sector02 1 2 
308187254 sector02 1 2 
20897421 sector02 1 2 
246850863 sector02 1 2 
246846211 sector02 1 2 
20897486 sector02 1 2 
254305360 sector02 1 2 
246821622 sector02 1 2 
114851021 sector02 1 2 
246893191 sector02 1 2 
229012699 sector02 1 2 
246881694 sector02 1 2 
313889628 sector02 1 2 
246847525 sector02 1 2 
12379178 sector02 1 2 
12376935 sector02 1 2 
308187444 sector02 1 2 
12473849 sector02 1 2 
313935147 sector02 1 2 
70798024 sector02 1 2 
246856371 sector02 1 2 
114808613 sector02 1 2 
114818524 sector02 1 2 
12422783 sector02 1 2 
70744393 sector02 1 2 
12394995 sector02 1 2 
419051215 sector02 1 2 
152069184 sector02 1 2 
20892991 sector02 1 2 
246821560 sector02 1 2 
211441191 sector02 1 2 
12419725 sector02 1 2 
63724839 sector02 1 2 
340703844 sector02 1 2 
246886429 sector02 1 2 
70848733 sector02 1 2 
70787894 sector02 1 2 
12379299 sector02 1 2 
246886229 sector02 1 2 
246847797 sector02 1 2 
12418692 sector02 1 2 
229012865 sector02 1 2 
409121112 sector02 1 2 
340704751 sector02 1 2 
152071318 sector02 1 2 
12424379 sector02 1 2 
246860330 sector02 1 2 
114820065 sector02 1 2 
399579463 sector02 1 2 
114861175 sector02 1 2 
340703924 sector02 1 2 
471016315 sector02 1 2 
20898816 sector02 1 2 
70775429 sector02 1 2 
114849734 sector02 1 2 
12424228 sector02 1 2 
114809099 sector02 1 2 
313936034 sector02 1 2 
20891478 sector02 1 2 
12417668 sector02 1 2 
322495473 sector02 1 2 
12418861 sector02 1 2 
246860159 sector02 1 2 
327995034 sector02 1 2 
211436736 sector02 1 2 
327994394 sector02 1 2 
340704688 sector02 1 2 
211438814 sector02 1 2 
152071217 sector02 1 2 
12509843 sector02 1 2 
211438940 sector02 1 2 
313934863 sector02 1 2 
114817790 sector02 1 2 
246879470 sector02 1 2 
246855935 sector02 1 2 
419063874 sector02 1 2 
12421360 sector02 1 2 
246820436 sector02 1 2 
399589544 sector02 1 2 
114819929 sector02 1 2 
246846561 sector02 1 2 
246858227 sector02 1 2 
12423023 sector02 1 2 
20891457 sector02 1 2 
211439344 sector02 1 2 
70742287 sector02 1 2 
114851002 sector02 1 2 
246844919 sector02 1 2 
313889099 sector02 1 2 
340704286 sector02 1 2 
114859156 sector02 1 2 
399589477 sector02 1 2 
246861994 sector02 1 2 
246851424 sector02 1 2 
327953672 sector02 1 2 
246852382 sector02 1 2 
246857642 sector02 1 2 
12470382 sector02 1 2 
12377764 sector02 1 2 
114876722 sector02 1 2 
246879919 sector02 1 2 
419052019 sector02 1 2 
246853988 sector02 1 2 
114875647 sector02 1 2 
12473861 sector02 1 2 
12470708 sector02 1 2 
246890465 sector02 1 2 
327995457 sector02 1 2 
246858269 sector02 1 2 
12418961 sector02 1 2 
152086924 sector02 1 2 
313934159 sector02 1 2 
114860177 sector02 1 2 
246847533 sector02 1 2 
114851329 sector02 1 2 
246857304 sector02 1 2 
211440375 sector02 1 2 
20898481 sector02 1 2 
246844526 sector02 1 2 
313932966 sector02 1 2 
419051889 sector02 1 2 
246853142 sector02 1 2 
114877246 sector02 1 2 
229012815 sector02 1 2 
246851497 sector02 1 2 
313936304 sector02 1 2 
70797536 sector02 1 2 
246886600 sector02 1 2 
246855819 sector02 1 2 
70798176 sector02 1 2 
12394438 sector02 1 2 
246823124 sector02 1 2 
152088300 sector02 1 2 
327994330 sector02 1 2 
254305343 sector02 1 2 
20892796 sector02 1 2 
340704716 sector02 1 2 
246822161 sector02 1 2 
62379199 sector02 1 2 
70798102 sector02 1 2 
70723157 sector02 1 2 
246848914 sector02 1 2 
114858593 sector02 1 2 
114877514 sector02 1 2 
340704139 sector02 1 2 
12359696 sector02 1 2 
114875960 sector02 1 2 
114850244 sector02 1 2 
211440746 sector02 1 2 
246844005 sector02 1 2 
12418167 sector02 1 2 
313933141 sector02 1 2 
20892752 sector02 1 2 
246859661 sector02 1 2 
12435089 sector02 1 2 
114913814 sector02 1 2 
254303061 sector02 1 2 
149010222 sector02 1 2 
114877415 sector02 1 2 
246847751 sector02 1 2 
12510080 sector02 1 2 
117550432 sector02 1 3 
289579262 sector02 1 3 
117549840 sector02 1 3 
138707355 sector02 1 3 
117613141 sector02 1 3 
289592406 sector02 1 3 
152070580 sector02 1 3 
117611843 sector02 1 3 
20880835 sector02 1 3 
289645994 sector02 1 3 
289647585 sector02 1 3 
289647457 sector02 1 3 
117610891 sector02 1 3 
117549269 sector02 1 3 
117550195 sector02 1 3 
289577594 sector02 1 3 
117626637 sector02 1 3 
117626638 sector02 1 3 
117611226 sector02 1 3 
289592460 sector02 1 3 
289575374 sector02 1 3 
117548736 sector02 1 3 
20880786 sector02 1 3 
117626680 sector02 1 3 
289674007 sector02 1 3 
117547645 sector02 1 3 
117547852 sector02 1 3 
289673662 sector02 1 3 
439398030 sector02 1 3 
117611150 sector02 1 3 
117612413 sector02 1 3 
289646145 sector02 1 3 
152069577 sector02 1 3 
117549402 sector02 1 3 
117625947 sector02 1 3 
289579471 sector02 1 3 
117548498 sector02 1 3 
289577665 sector02 1 3 
117611926 sector02 1 3 
289592472 sector02 1 3 
117611168 sector02 1 3 
289575776 sector02 1 3 
289624955 sector02 1 3 
117613310 sector02 1 3 
289577033 sector02 1 3 
289626753 sector02 1 3 
117613309 sector02 1 3 
289673853 sector02 1 3 
155945004 sector02 2 1 
201287746 sector02 2 1 
7151484 sector02 2 1 
355426648 sector02 2 1 
155895820 sector02 2 1 
155897369 sector02 2 1 
155919039 sector02 2 1 
281764259 sector02 2 1 
201292296 sector02 2 1 
201256293 sector02 2 1 
281656177 sector02 2 1 
155917725 sector02 2 1 
281592124 sector02 2 1 
281562580 sector02 2 1 
7186505 sector02 2 1 
201292016 sector02 2 1 
155895113 sector02 2 1 
369586828 sector02 2 1 
155984412 sector02 2 1 
155995793 sector02 2 1 
281709841 sector02 2 1 
281573523 sector02 2 1 
200668291 sector02 2 1 
201287064 sector02 2 1 
281461538 sector02 2 1 
200669681 sector02 2 1 
156003233 sector02 2 1 
7153540 sector02 2 1 
281498280 sector02 2 1 
156002588 sector02 2 1 
369614826 sector02 2 1 
201247574 sector02 2 1 
281541873 sector02 2 1 
155990592 sector02 2 1 
155984765 sector02 2 1 
200663715 sector02 2 1 
156001177 sector02 2 1 
201352404 sector02 2 1 
156068467 sector02 2 1 
201251602 sector02 2 1 
281709958 sector02 2 1 
7151357 sector02 2 1 
201251167 sector02 2 1 
200666710 sector02 2 1 
471016266 sector02 2 1 
469939625 sector02 2 1 
281591952 sector02 2 1 
382522032 sector02 2 1 
322063164 sector02 2 1 
321978466 sector02 2 1 
155945521 sector02 2 1 
155989832 sector02 2 1 
156016832 sector02 2 1 
201255893 sector02 2 1 
201253980 sector02 2 1 
281562966 sector02 2 1 
155951625 sector02 2 1 
281658393 sector02 2 1 
200664756 sector02 2 1 
156068745 sector02 2 1 
156084699 sector02 2 1 
165879308 sector02 2 1 
281741337 sector02 2 1 
7203829 sector02 2 1 
201309651 sector02 2 1 
281637877 sector02 2 1 
281704895 sector02 2 1 
281599277 sector02 2 1 
321908480 sector02 2 1 
155941725 sector02 2 1 
201292494 sector02 2 1 
355425870 sector02 2 1 
156069422 sector02 2 1 
281562948 sector02 2 1 
201334431 sector02 2 1 
469939293 sector02 2 1 
155967187 sector02 2 1 
155897641 sector02 2 1 
469938996 sector02 2 1 
201307175 sector02 2 1 
382524282 sector02 2 1 
281597810 sector02 2 1 
281741577 sector02 2 1 
155896003 sector02 2 1 
201305869 sector02 2 1 
281499368 sector02 2 1 
155966978 sector02 2 1 
281669574 sector02 2 1 
322052032 sector02 2 1 
7149743 sector02 2 1 
156001237 sector02 2 1 
80257852 sector02 2 1 
281797452 sector02 2 1 
155951850 sector02 2 1 
201294341 sector02 2 1 
281597487 sector02 2 1 
382473800 sector02 2 1 
389758474 sector02 2 1 
281461262 sector02 2 1 
80290284 sector02 2 1 
369639901 sector02 2 1 
155917865 sector02 2 1 
469940420 sector02 2 1 
281704516 sector02 2 1 
200671174 sector02 2 1 
7128664 sector02 2 1 
200657105 sector02 2 1 
201248233 sector02 2 1 
201249197 sector02 2 1 
355508779 sector02 2 1 
201287519 sector02 2 1 
321907964 sector02 2 1 
155896178 sector02 2 1 
369666438 sector02 2 1 
201250570 sector02 2 1 
281498066 sector02 2 1 
201292260 sector02 2 1 
155945389 sector02 2 1 
281592759 sector02 2 1 
262530407 sector02 2 2 
80417903 sector02 2 2 
382552329 sector02 2 2 
100106702 sector02 2 2 
199729914 sector02 2 2 
179677291 sector02 2 2 
80427866 sector02 2 2 
322048966 sector02 2 2 
158537946 sector02 2 2 
207084623 sector02 2 2 
158636944 sector02 2 2 
158531527 sector02 2 2 
80453470 sector02 2 2 
322053216 sector02 2 2 
183594761 sector02 2 2 
270286133 sector02 2 2 
354605348 sector02 2 2 
80314959 sector02 2 2 
158531578 sector02 2 2 
101992165 sector02 2 2 
180443283 sector02 2 2 
229096614 sector02 2 2 
354605681 sector02 2 2 
101935523 sector02 2 2 
80289456 sector02 2 2 
80428673 sector02 2 2 
100102109 sector02 2 2 
156088839 sector02 2 2 
183592295 sector02 2 2 
158536441 sector02 2 2 
102030909 sector02 2 2 
102069661 sector02 2 2 
354605294 sector02 2 2 
156083493 sector02 2 2 
401869168 sector02 2 2 
102087028 sector02 2 2 
322050412 sector02 2 2 
102087819 sector02 2 2 
80509361 sector02 2 2 
80430264 sector02 2 2 
101948780 sector02 2 2 
183590328 sector02 2 2 
229104813 sector02 2 2 
101935519 sector02 2 2 
401842640 sector02 2 2 
158569368 sector02 2 2 
102085869 sector02 2 2 
199729906 sector02 2 2 
229111933 sector02 2 2 
102069705 sector02 2 2 
158623786 sector02 2 2 
41896699 sector02 2 2 
100101200 sector02 2 2 
229095865 sector02 2 2 
80419222 sector02 2 2 
41956522 sector02 2 2 
101932654 sector02 2 2 
262530756 sector02 2 2 
101947957 sector02 2 2 
102087110 sector02 2 2 
199729428 sector02 2 2 
158531590 sector02 2 2 
158535814 sector02 2 2 
101936101 sector02 2 2 
80468927 sector02 2 2 
80337395 sector02 2 2 
183589218 sector02 2 2 
80257068 sector02 2 2 
402042429 sector02 2 2 
382552235 sector02 2 2 
180444264 sector02 2 2 
180998451 sector02 2 2 
183594487 sector02 2 2 
101947336 sector02 2 2 
41993853 sector02 2 2 
469946484 sector02 2 2 
160221230 sector02 2 2 
160196796 sector02 2 2 
100065311 sector02 2 2 
229095236 sector02 2 2 
101944556 sector02 2 2 
101936073 sector02 2 2 
270286114 sector02 2 2 
102047662 sector02 2 2 
369611102 sector02 2 2 
401842337 sector02 2 2 
102069353 sector02 2 2 
382535009 sector02 2 2 
101946080 sector02 2 2 
102086985 sector02 2 2 
80468823 sector02 2 2 
101933710 sector02 2 2 
354604869 sector02 2 2 
183620182 sector02 2 2 
101947707 sector02 2 2 
41858411 sector02 2 2 
101933145 sector02 2 2 
180724492 sector02 2 2 
102032822 sector02 2 2 
158536566 sector02 2 2 
229115322 sector02 2 2 
100065812 sector02 2 2 
179677302 sector02 2 2 
80342146 sector02 2 2 
207084606 sector02 2 2 
369611099 sector02 2 2 
101962960 sector02 2 2 
322053816 sector02 2 2 
80317085 sector02 2 2 
80361988 sector02 2 2 
80256158 sector02 2 2 
101991518 sector02 2 2 
80316911 sector02 2 2 
183594240 sector02 2 2 
183597010 sector02 2 2 
102031072 sector02 2 2 
340782739 sector02 2 2 
183593091 sector02 2 2 
102030575 sector02 2 2 
80427599 sector02 2 2 
158535840 sector02 2 2 
369640628 sector02 2 2 
115245503 sector02 2 2 
382550023 sector02 2 2 
102070550 sector02 2 2 
41859765 sector02 2 2 
160192547 sector02 2 2 
101949295 sector02 2 2 
101991928 sector02 2 2 
101949836 sector02 2 2 
80473794 sector02 2 2 
382523015 sector02 2 2 
180285234 sector02 2 2 
229112879 sector02 2 2 
80315892 sector02 2 2 
180998338 sector02 2 2 
41898773 sector02 2 2 
41860112 sector02 2 2 
100101764 sector02 2 2 
102049872 sector02 2 2 
80421196 sector02 2 2 
262531250 sector02 2 2 
80509614 sector02 2 2 
229099617 sector02 2 2 
102032439 sector02 2 2 
180444967 sector02 2 2 
80429491 sector02 2 2 
80453953 sector02 2 2 
102049674 sector02 2 2 
80363020 sector02 2 2 
80432388 sector02 2 2 
199729241 sector02 2 2 
80452748 sector02 2 2 
270312956 sector02 2 2 
80429189 sector02 2 2 
369603734 sector02 2 2 
80362649 sector02 2 2 
102164996 sector02 2 2 
158565826 sector02 2 2 
229115214 sector02 2 2 
80341168 sector02 2 2 
270312955 sector02 2 2 
262549044 sector02 2 2 
80289733 sector02 2 2 
382534993 sector02 2 2 
471016290 sector02 2 2 
471016291 sector02 2 2 
229095775 sector02 2 2 
199730678 sector02 2 2 
101933779 sector02 2 2 
80363363 sector02 2 2 
101947675 sector02 2 2 
180145888 sector02 2 2 
101936164 sector02 2 2 
80258414 sector02 2 2 
382416410 sector02 2 2 
270313314 sector02 2 2 
322065195 sector02 2 2 
102063721 sector02 2 2 
80510666 sector02 2 2 
102087505 sector02 2 2 
80439337 sector02 2 2 
180552080 sector02 2 2 
80509580 sector02 2 2 
100123131 sector02 2 2 
80341189 sector02 2 2 
160225977 sector02 2 2 
80361554 sector02 2 2 
322051381 sector02 2 2 
401838575 sector02 2 2 
80468073 sector02 2 2 
101936919 sector02 2 2 
251823163 sector02 2 3 
251828744 sector02 2 3 
115242300 sector02 2 3 
118585685 sector02 2 3 
120606992 sector02 2 3 
270480629 sector02 2 3 
251845153 sector02 2 3 
63695926 sector02 2 3 
251845156 sector02 2 3 
251847101 sector02 2 3 
66356318 sector02 2 3 
63726082 sector02 2 3 
149019996 sector02 2 3 
183563606 sector02 2 3 
183564514 sector02 2 3 
251884145 sector02 2 3 
70743050 sector02 2 3 
116880298 sector02 2 3 
402129745 sector02 2 3 
251827454 sector02 2 3 
120606886 sector02 2 3 
180872017 sector02 2 3 
308209377 sector02 2 3 
116660583 sector02 2 3 
120563219 sector02 2 3 
120488121 sector02 2 3 
120460854 sector02 2 3 
70820413 sector02 2 3 
181165422 sector02 2 3 
183584634 sector02 2 3 
116416523 sector02 2 3 
251850297 sector02 2 3 
149010839 sector02 2 3 
120488131 sector02 2 3 
120608648 sector02 2 3 
251848611 sector02 2 3 
251858966 sector02 2 3 
115693523 sector02 2 3 
471016310 sector02 2 3 
308188144 sector02 2 3 
66433933 sector02 2 3 
251846450 sector02 2 3 
183592081 sector02 2 3 
116156565 sector02 2 3 
120459265 sector02 2 3 
116880225 sector02 2 3 
471016311 sector02 2 3 
308188145 sector02 2 3 
120488165 sector02 2 3 
407624436 sector02 2 3 
120488589 sector02 2 3 
120461558 sector02 2 3 
251880317 sector02 2 3 
402128964 sector02 2 3 
116658207 sector02 2 3 
251875918 sector02 2 3 
251854153 sector02 2 3 
251851386 sector02 2 3 
402129697 sector02 2 3 
251826270 sector02 2 3 
183582536 sector02 2 3 
251880164 sector02 2 3 
70819106 sector02 2 3 
160188602 sector02 2 3 
251840197 sector02 2 3 
180444412 sector02 2 3 
251824269 sector02 2 3 
402129816 sector02 2 3 
118586843 sector02 2 3 
183560982 sector02 2 3 
120523140 sector02 2 3 
115445263 sector02 2 3 
115445211 sector02 2 3 
120523670 sector02 2 3 
7187466 sector02 2 3 
66471163 sector02 2 3 
66356853 sector02 2 3 
43360990 sector02 2 3 
120586400 sector02 2 3 
66471219 sector02 2 3 
115693634 sector02 2 3 
116416382 sector02 2 3 
67558566 sector02 2 3 
149011147 sector02 2 3 
251882681 sector02 2 3 
180998593 sector02 2 3 
251829594 sector02 2 3 
80316518 sector02 2 3 
70722739 sector02 2 3 
402129651 sector02 2 3 
80288952 sector02 2 3 
120586171 sector02 2 3 
179678627 sector02 2 3 
180724005 sector02 2 3 
183584918 sector02 2 3 
251858088 sector02 2 3 
251827883 sector02 2 3 
118328593 sector02 2 3 
251879914 sector02 2 3 
63695281 sector02 2 3 
120563780 sector02 2 3 
183588144 sector02 2 3 
67560262 sector02 2 3 
251853749 sector02 2 3 
270480837 sector02 2 3 
251851441 sector02 2 3 
120563735 sector02 2 3 
120607507 sector02 2 3 
183561323 sector02 2 3 
70847564 sector02 2 3 
66408855 sector02 2 3 
180872038 sector02 2 3 
120458716 sector02 2 3 
251859673 sector02 2 3 
251878167 sector02 2 3 
117874960 sector02 2 3 
70798276 sector02 2 3 
251886488 sector02 2 3 
115242296 sector02 2 3 
149020193 sector02 2 3 
251875682 sector02 2 3 
80260973 sector02 2 3 
7152873 sector02 2 3 
70858025 sector02 2 3 
66375033 sector02 2 3 
120608824 sector02 2 3 
251825707 sector02 2 3 
43374201 sector02 2 3 
308208913 sector02 2 3 
148994520 sector02 2 3 
246890959 sector02 2 3 
179824260 sector02 2 3 
120488723 sector02 2 3 
117396350 sector02 2 3 
149019915 sector02 2 3 
369361542 sector02 2 3 
43398320 sector02 2 3 
251881123 sector02 2 3 
251886567 sector02 2 3 
179282624 sector02 2 3 
251875213 sector02 2 3 
251884045 sector02 2 3 
251859923 sector02 2 3 
116881395 sector02 2 3 
70742696 sector02 2 3 
63725655 sector02 2 3 
63697867 sector02 2 3 
183586370 sector02 2 3 
251849021 sector02 2 3 
251842088 sector02 2 3 
251879028 sector02 2 3 
115693552 sector02 2 3 
70787019 sector02 2 3 
251828658 sector02 2 3 
120565212 sector02 2 3 
251849279 sector02 2 3 
471015755 sector02 2 3 
66357038 sector02 2 3 
183593590 sector02 2 3 
43374365 sector02 2 3 
149022003 sector02 2 3 
251840553 sector02 2 3 
251849177 sector02 2 3 
120609299 sector02 2 3 
63697935 sector02 2 3 
80258781 sector02 2 3 
246887738 sector02 2 3 
251824962 sector02 2 3 
120606953 sector02 2 3 
183584793 sector02 2 3 
115693664 sector02 2 3 
251849176 sector02 2 3 
120584665 sector02 2 3 
311090919 sector02 2 3 
251828102 sector02 2 3 
66413388 sector02 2 3 
407624075 sector02 2 3 
120562851 sector02 2 3 
308210195 sector02 2 3 
251882889 sector02 2 3 
66398063 sector02 2 3 
149018549 sector02 2 3 
120610693 sector02 2 3 
251882418 sector02 2 3 
251827564 sector02 2 3 
251879885 sector02 2 3 
251880055 sector02 2 3 
246885849 sector02 2 3 
308208543 sector02 2 3 
251839918 sector02 2 3 
43364251 sector02 2 3 
66398094 sector02 2 3 
115692566 sector02 2 3 
251878850 sector02 2 3 
43362414 sector02 2 3 
70858062 sector02 2 3 
251823678 sector02 2 3 
402128473 sector02 2 3 
251886554 sector02 2 3 
63697561 sector02 2 3 
7150628 sector02 2 3 
183593602 sector02 2 3 
115242329 sector02 2 3 
70776258 sector02 2 3 
251886782 sector02 2 3 
251855521 sector02 2 3 
246895171 sector02 2 3 
251846019 sector02 2 3 
251823462 sector02 2 3 
120488072 sector02 2 3 
70763619 sector02 2 3 
116416365 sector02 2 3 
120587608 sector02 2 3 
251848736 sector02 2 3 
369361685 sector02 2 3 
116658760 sector02 2 3 
70798821 sector02 2 3 
70787543 sector02 2 3 
180872016 sector02 2 3 
251846027 sector02 2 3 
120580232 sector02 2 3 
183534429 sector02 2 3 
251828473 sector02 2 3 
251880096 sector02 2 3 
183562778 sector02 2 3 
183562075 sector02 2 3 
120459870 sector02 2 4 
314018646 sector02 2 4 
120444672 sector02 2 4 
165880695 sector02 2 4 
165887332 sector02 2 4 
120491880 sector02 2 4 
321981502 sector02 2 4 
165878852 sector02 2 4 
165878505 sector02 2 4 
165880531 sector02 2 4 
165885819 sector02 2 4 
165886420 sector02 2 4 
120414908 sector02 2 4 
321981218 sector02 2 4 
120444359 sector02 2 4 
322008263 sector02 2 4 
314016632 sector02 2 4 
120524198 sector02 2 4 
7144565 sector02 2 4 
206548902 sector02 3 1 
231017428 sector02 3 1 
201791255 sector02 3 1 
229145550 sector02 3 1 
166788138 sector02 3 1 
207086667 sector02 3 1 
201789804 sector02 3 1 
231068990 sector02 3 1 
207088456 sector02 3 1 
220014932 sector02 3 1 
229152539 sector02 3 1 
207108993 sector02 3 1 
166697936 sector02 3 1 
201800348 sector02 3 1 
220019816 sector02 3 1 
201793372 sector02 3 1 
229155996 sector02 3 1 
166698465 sector02 3 1 
158566804 sector02 3 1 
201795994 sector02 3 1 
201879471 sector02 3 1 
369706317 sector02 3 1 
206542524 sector02 3 1 
229149950 sector02 3 1 
229154315 sector02 3 1 
201860785 sector02 3 1 
201858779 sector02 3 1 
201860787 sector02 3 1 
166680126 sector02 3 1 
7219013 sector02 3 1 
231287534 sector02 3 1 
229140392 sector02 3 1 
231068853 sector02 3 1 
166712102 sector02 3 1 
201801455 sector02 3 1 
274017035 sector02 3 1 
158595058 sector02 3 1 
354606420 sector02 3 1 
231060994 sector02 3 1 
220020418 sector02 3 1 
231070373 sector02 3 1 
231014203 sector02 3 1 
166852618 sector02 3 1 
382418646 sector02 3 1 
231275408 sector02 3 1 
206593182 sector02 3 1 
166809005 sector02 3 1 
201792662 sector02 3 1 
166711060 sector02 3 1 
184688650 sector02 3 1 
220014170 sector02 3 1 
207085410 sector02 3 1 
229157898 sector02 3 1 
160220901 sector02 3 1 
229155242 sector02 3 1 
158647779 sector02 3 1 
229157844 sector02 3 1 
220013679 sector02 3 1 
201792346 sector02 3 1 
231021429 sector02 3 1 
229145389 sector02 3 1 
206593398 sector02 3 1 
219993203 sector02 3 1 
229138094 sector02 3 1 
158550315 sector02 3 1 
382417309 sector02 3 1 
207087631 sector02 3 1 
220014517 sector02 3 1 
231068398 sector02 3 1 
219997443 sector02 3 1 
201793335 sector02 3 1 
229149811 sector02 3 1 
201794475 sector02 3 1 
220017445 sector02 3 1 
231047963 sector02 3 1 
206604011 sector02 3 1 
219984556 sector02 3 1 
201876670 sector02 3 1 
231063191 sector02 3 1 
201791995 sector02 3 1 
219986956 sector02 3 1 
231054889 sector02 3 1 
158637782 sector02 3 1 
231047817 sector02 3 1 
166739587 sector02 3 1 
219987109 sector02 3 1 
354655394 sector02 3 1 
231050519 sector02 3 1 
206604031 sector02 3 1 
207085138 sector02 3 1 
231058592 sector02 3 1 
158569028 sector02 3 1 
166810969 sector02 3 1 
229157150 sector02 3 1 
231274328 sector02 3 1 
231047244 sector02 3 1 
201794022 sector02 3 1 
206622518 sector02 3 1 
166676418 sector02 3 1 
158549891 sector02 3 1 
231014718 sector02 3 1 
231277916 sector02 3 1 
219995323 sector02 3 1 
166767699 sector02 3 1 
158550116 sector02 3 1 
166675485 sector02 3 1 
231060811 sector02 3 1 
201814038 sector02 3 1 
229157753 sector02 3 1 
207085337 sector02 3 1 
207086779 sector02 3 1 
231022436 sector02 3 1 
166802164 sector02 3 1 
184533371 sector02 3 1 
201798041 sector02 3 1 
184687712 sector02 3 1 
201875055 sector02 3 1 
231017124 sector02 3 1 
354654501 sector02 3 1 
201879334 sector02 3 1 
231058176 sector02 3 1 
274017402 sector02 3 1 
229159064 sector02 3 1 
166806832 sector02 3 1 
229150753 sector02 3 1 
166837060 sector02 3 1 
382551237 sector02 3 1 
220014528 sector02 3 1 
231275492 sector02 3 1 
229149980 sector02 3 1 
229156597 sector02 3 1 
231045248 sector02 3 1 
311410850 sector02 3 1 
158566947 sector02 3 1 
229101684 sector02 3 1 
220018430 sector02 3 1 
201874037 sector02 3 1 
166671015 sector02 3 1 
201925532 sector02 3 1 
201775498 sector02 3 1 
158583257 sector02 3 1 
229158672 sector02 3 1 
206542544 sector02 3 1 
231272747 sector02 3 1 
201788934 sector02 3 1 
219984258 sector02 3 1 
158637625 sector02 3 1 
229156653 sector02 3 1 
201795995 sector02 3 1 
219986398 sector02 3 1 
229103792 sector02 3 1 
219997742 sector02 3 1 
231063637 sector02 3 1 
231063300 sector02 3 1 
219986894 sector02 3 1 
201898079 sector02 3 1 
166711157 sector02 3 1 
231008047 sector02 3 1 
229154886 sector02 3 1 
231867117 sector02 3 2 
234517168 sector02 3 2 
234507537 sector02 3 2 
231830359 sector02 3 2 
231866625 sector02 3 2 
355737803 sector02 3 2 
231851828 sector02 3 2 
234507506 sector02 3 2 
281703171 sector02 3 2 
355789337 sector02 3 2 
237913659 sector02 3 2 
234526939 sector02 3 2 
271503151 sector02 3 2 
231835378 sector02 3 2 
52195972 sector02 3 2 
425976952 sector02 3 2 
355686920 sector02 3 2 
234524718 sector02 3 2 
237910093 sector02 3 2 
206589811 sector02 3 2 
234492820 sector02 3 2 
51912949 sector02 3 2 
355509155 sector02 3 2 
231833973 sector02 3 2 
206552166 sector02 3 2 
206529533 sector02 3 2 
234503700 sector02 3 2 
237864910 sector02 3 2 
234492245 sector02 3 2 
52019004 sector02 3 2 
39018078 sector02 3 2 
237912030 sector02 3 2 
237882476 sector02 3 2 
231834618 sector02 3 2 
231835379 sector02 3 2 
281595874 sector02 3 2 
231857003 sector02 3 2 
231825464 sector02 3 2 
51991432 sector02 3 2 
52257193 sector02 3 2 
52079330 sector02 3 2 
425938795 sector02 3 2 
281789525 sector02 3 2 
281703596 sector02 3 2 
201353073 sector02 3 2 
206609630 sector02 3 2 
234502300 sector02 3 2 
38937541 sector02 3 2 
234512729 sector02 3 2 
234504902 sector02 3 2 
231830171 sector02 3 2 
231852610 sector02 3 2 
355767540 sector02 3 2 
425951471 sector02 3 2 
38823291 sector02 3 2 
355736067 sector02 3 2 
231910796 sector02 3 2 
237866000 sector02 3 2 
234522781 sector02 3 2 
231866939 sector02 3 2 
355703947 sector02 3 2 
231864717 sector02 3 2 
355767360 sector02 3 2 
52018322 sector02 3 2 
237912421 sector02 3 2 
206621644 sector02 3 2 
231849839 sector02 3 2 
231831315 sector02 3 2 
234547852 sector02 3 2 
231825725 sector02 3 2 
281815156 sector02 3 2 
234547901 sector02 3 2 
206549900 sector02 3 2 
206501868 sector02 3 2 
425907607 sector02 3 2 
469974785 sector02 3 2 
234528296 sector02 3 2 
231834340 sector02 3 2 
206585513 sector02 3 2 
52059441 sector02 3 2 
231864718 sector02 3 2 
206533487 sector02 3 2 
281851658 sector02 3 2 
234502216 sector02 3 2 
206558364 sector02 3 2 
281459716 sector02 3 2 
237910693 sector02 3 2 
425975276 sector02 3 2 
38964182 sector02 3 2 
206621850 sector02 3 2 
237912292 sector02 3 2 
237886333 sector02 3 2 
237906962 sector02 3 2 
281814914 sector02 3 2 
234493665 sector02 3 2 
281780792 sector02 3 2 
231836505 sector02 3 2 
237884825 sector02 3 2 
234516618 sector02 3 2 
234492495 sector02 3 2 
234508639 sector02 3 2 
281708601 sector02 3 2 
206599930 sector02 3 2 
52058978 sector02 3 2 
234490153 sector02 3 2 
394137372 sector02 3 2 
206551777 sector02 3 2 
231908128 sector02 3 2 
39016736 sector02 3 2 
52243722 sector02 3 2 
425934989 sector02 3 2 
231839193 sector02 3 2 
281638341 sector02 3 2 
231832232 sector02 3 2 
52018979 sector02 3 2 
425940164 sector02 3 2 
206504220 sector02 3 2 
39080971 sector02 3 2 
206501561 sector02 3 2 
38898383 sector02 3 2 
206529928 sector02 3 2 
38898004 sector02 3 2 
425950997 sector02 3 2 
234498068 sector02 3 2 
281574991 sector02 3 2 
425951803 sector02 3 2 
231848571 sector02 3 2 
231841265 sector02 3 2 
52383564 sector02 3 2 
206603060 sector02 3 2 
234509254 sector02 3 2 
425930734 sector02 3 2 
425975286 sector02 3 2 
231838253 sector02 3 2 
234522810 sector02 3 2 
281781552 sector02 3 2 
231826455 sector02 3 2 
355704636 sector02 3 2 
206585487 sector02 3 2 
206530035 sector02 3 2 
206607166 sector02 3 2 
234493645 sector02 3 2 
231845790 sector02 3 2 
257711609 sector02 3 2 
52194976 sector02 3 2 
231849833 sector02 3 2 
39081029 sector02 3 2 
234515458 sector02 3 2 
206564081 sector02 3 2 
206615640 sector02 3 2 
234528315 sector02 3 2 
281789981 sector02 3 2 
52017689 sector02 3 2 
234519378 sector02 3 2 
231829153 sector02 3 2 
38898398 sector02 3 2 
231908622 sector02 3 2 
52308616 sector02 3 2 
237908790 sector02 3 2 
281497146 sector02 3 2 
230979548 sector02 3 2 
425975305 sector02 3 2 
234493571 sector02 3 2 
51912008 sector02 3 2 
425937239 sector02 3 2 
425939580 sector02 3 2 
201308220 sector02 3 2 
38810544 sector02 3 2 
52284965 sector02 3 2 
237912601 sector02 3 2 
281851452 sector02 3 2 
231855272 sector02 3 2 
231829109 sector02 3 2 
39045817 sector02 3 2 
355787929 sector02 3 2 
237911804 sector02 3 2 
322307343 sector02 3 2 
39068964 sector02 3 2 
281763602 sector02 3 2 
38935612 sector02 3 2 
355736865 sector02 3 2 
281638642 sector02 3 2 
206615606 sector02 3 2 
230979534 sector02 3 2 
232073908 sector02 3 3 
273864083 sector02 3 3 
31945640 sector02 3 3 
369707376 sector02 3 3 
425998706 sector02 3 3 
238182042 sector02 3 3 
50381137 sector02 3 3 
183307030 sector02 3 3 
260001009 sector02 3 3 
232071441 sector02 3 3 
232070595 sector02 3 3 
31636394 sector02 3 3 
232077453 sector02 3 3 
431479901 sector02 3 3 
259901346 sector02 3 3 
234337188 sector02 3 3 
369714877 sector02 3 3 
267116527 sector02 3 3 
394231245 sector02 3 3 
259930850 sector02 3 3 
234333005 sector02 3 3 
31779649 sector02 3 3 
259902632 sector02 3 3 
234333175 sector02 3 3 
280832134 sector02 3 3 
303911034 sector02 3 3 
31635050 sector02 3 3 
259962054 sector02 3 3 
24750692 sector02 3 3 
358104877 sector02 3 3 
52310871 sector02 3 3 
369771810 sector02 3 3 
259886418 sector02 3 3 
184137139 sector02 3 3 
358109691 sector02 3 3 
238871215 sector02 3 3 
24672008 sector02 3 3 
259928485 sector02 3 3 
426014374 sector02 3 3 
426018060 sector02 3 3 
280095613 sector02 3 3 
370007010 sector02 3 3 
31653629 sector02 3 3 
369705422 sector02 3 3 
238893042 sector02 3 3 
259961708 sector02 3 3 
273944320 sector02 3 3 
259886463 sector02 3 3 
280098208 sector02 3 3 
32034254 sector02 3 3 
31942293 sector02 3 3 
382581300 sector02 3 3 
280830154 sector02 3 3 
238877792 sector02 3 3 
232086080 sector02 3 3 
426016852 sector02 3 3 
234308682 sector02 3 3 
24704912 sector02 3 3 
31962665 sector02 3 3 
220512954 sector02 3 3 
273943764 sector02 3 3 
50380270 sector02 3 3 
24693330 sector02 3 3 
50472462 sector02 3 3 
304101121 sector02 3 3 
232082553 sector02 3 3 
234330664 sector02 3 3 
358106118 sector02 3 3 
234334989 sector02 3 3 
358105913 sector02 3 3 
273855756 sector02 3 3 
381207280 sector02 3 3 
220523160 sector02 3 3 
234309833 sector02 3 3 
234348278 sector02 3 3 
234348335 sector02 3 3 
52247146 sector02 3 3 
50347697 sector02 3 3 
259927523 sector02 3 3 
31652519 sector02 3 3 
234338995 sector02 3 3 
232073225 sector02 3 3 
50492290 sector02 3 3 
302923645 sector02 3 3 
232074363 sector02 3 3 
303911833 sector02 3 3 
369707774 sector02 3 3 
280830509 sector02 3 3 
259901554 sector02 3 3 
370137761 sector02 3 3 
232071399 sector02 3 3 
50474047 sector02 3 3 
238892413 sector02 3 3 
220526092 sector02 3 3 
24749163 sector02 3 3 
260001624 sector02 3 3 
431481627 sector02 3 3 
234342895 sector02 3 3 
50437451 sector02 3 3 
52242411 sector02 3 3 
370008579 sector02 3 3 
314865013 sector02 3 3 
370136843 sector02 3 3 
369772070 sector02 3 3 
370008545 sector02 3 3 
259901093 sector02 3 3 
431479577 sector02 3 3 
50492519 sector02 3 3 
388179161 sector02 3 3 
232065473 sector02 3 3 
52256030 sector02 3 3 
50269909 sector02 3 3 
273826633 sector02 3 3 
259864665 sector02 3 3 
279835138 sector02 3 3 
232067888 sector02 3 3 
370139275 sector02 3 3 
280051900 sector02 3 3 
267094881 sector02 3 3 
273850887 sector02 3 3 
52118195 sector02 3 3 
259903231 sector02 3 3 
234334090 sector02 3 3 
431479710 sector02 3 3 
370137636 sector02 3 3 
234333001 sector02 3 3 
232067810 sector02 3 3 
52194308 sector02 3 3 
358543534 sector02 3 3 
369771693 sector02 3 3 
32050414 sector02 3 3 
232070996 sector02 3 3 
259929224 sector02 3 3 
238891168 sector02 3 3 
381205038 sector02 3 3 
220526731 sector02 3 4 
201881092 sector02 3 4 
358247731 sector02 3 4 
220539110 sector02 3 4 
382651090 sector02 3 4 
207211589 sector02 3 4 
279674929 sector02 3 4 
233966493 sector02 3 4 
279647930 sector02 3 4 
220519727 sector02 3 4 
200727790 sector02 3 4 
207138762 sector02 3 4 
201878287 sector02 3 4 
207199350 sector02 3 4 
382423828 sector02 3 4 
358070238 sector02 3 4 
197803381 sector02 3 4 
220561605 sector02 3 4 
38459760 sector02 3 4 
207136810 sector02 3 4 
197806814 sector02 3 4 
279739961 sector02 3 4 
207147334 sector02 3 4 
279617653 sector02 3 4 
198038047 sector02 3 4 
200699468 sector02 3 4 
279650113 sector02 3 4 
197829751 sector02 3 4 
201923511 sector02 3 4 
220575083 sector02 3 4 
262875812 sector02 3 4 
279739360 sector02 3 4 
207137189 sector02 3 4 
198003939 sector02 3 4 
220524851 sector02 3 4 
237933356 sector02 3 4 
279616672 sector02 3 4 
38466740 sector02 3 4 
207146783 sector02 3 4 
201920598 sector02 3 4 
197804126 sector02 3 4 
197866263 sector02 3 4 
262843927 sector02 3 4 
207198815 sector02 3 4 
316976676 sector02 3 4 
207207023 sector02 3 4 
279729558 sector02 3 4 
382633872 sector02 3 4 
237920046 sector02 3 4 
207208206 sector02 3 4 
237931845 sector02 3 4 
220562041 sector02 3 4 
231294334 sector02 3 4 
201862185 sector02 3 4 
207148580 sector02 3 4 
197934997 sector02 3 4 
220539201 sector02 3 4 
198005657 sector02 3 4 
358070304 sector02 3 4 
207134675 sector02 3 4 
425997777 sector02 3 4 
279726713 sector02 3 4 
358233289 sector02 3 4 
198037759 sector02 3 4 
197804884 sector02 3 4 
207142109 sector02 3 4 
207150847 sector02 3 4 
279737094 sector02 3 4 
279738213 sector02 3 4 
197879504 sector02 3 4 
197790801 sector02 3 4 
237940407 sector02 3 4 
279742103 sector02 3 4 
207238086 sector02 3 4 
38459922 sector02 3 4 
358249876 sector02 3 4 
293162922 sector02 3 4 
220554236 sector02 3 4 
237922071 sector02 3 4 
220574270 sector02 3 4 
358247933 sector02 3 4 
207212960 sector02 3 4 
207110276 sector02 3 4 
200748488 sector02 3 4 
207239834 sector02 3 4 
425997839 sector02 3 4 
198007199 sector02 3 4 
220574998 sector02 3 4 
220575741 sector02 3 4 
197867407 sector02 3 4 
262874342 sector02 3 4 
197882053 sector02 3 4 
358578927 sector02 3 4 
220556677 sector02 3 4 
200699132 sector02 3 4 
201937561 sector02 3 4 
207212507 sector02 3 4 
197884260 sector02 3 4 
220553519 sector02 3 4 
207141473 sector02 3 4 
231299319 sector02 3 4 
197906534 sector02 3 4 
262875222 sector02 3 4 
231299475 sector02 3 4 
220573719 sector02 3 4 
197905665 sector02 3 4 
197891904 sector02 3 4 
231301454 sector02 3 4 
354776634 sector02 3 4 
382650444 sector02 3 4 
279834739 sector02 3 4 
207145190 sector02 3 4 
237925426 sector02 3 4 
358576556 sector02 3 4 
197888119 sector02 3 4 
197933191 sector02 3 4 
197867178 sector02 3 4 
207137595 sector02 3 4 
207139977 sector02 3 4 
207234477 sector02 3 4 
201897172 sector02 3 4 
197790873 sector02 3 4 
262883984 sector02 3 4 
237935905 sector02 3 4 
197843687 sector02 3 4 
316976049 sector02 3 4 
207135404 sector02 3 4 
197846172 sector02 3 4 
198035119 sector02 3 4 
207209609 sector02 3 4 
207204237 sector02 3 4 
388104476 sector02 3 4 
197881861 sector02 3 4 
279638888 sector02 3 4 
201920763 sector02 3 4 
279648276 sector02 3 4 
220575335 sector02 3 4 
220555751 sector02 3 4 
201939030 sector02 3 4 
197806534 sector02 3 4 
207171750 sector02 3 4 
197891854 sector02 3 4 
200769811 sector02 3 4 
369989252 sector02 3 4 
197789536 sector02 3 4 
197908478 sector02 3 4 
358232953 sector02 3 4 
220538710 sector02 3 4 
197934619 sector02 3 4 
207172859 sector02 3 4 
220517198 sector02 3 4 
207145130 sector02 3 4 
311925026 sector02 3 4 
237917066 sector02 3 4 
201883434 sector02 3 4 
198036208 sector02 3 4 
382603900 sector02 3 4 
220524936 sector02 3 4 
197847859 sector02 3 4 
279742563 sector02 3 4 
207171698 sector02 3 4 
369771425 sector02 3 4 
207131157 sector02 3 4 
197804556 sector02 3 4 
197868374 sector02 3 4 
279672935 sector02 3 4 
358578620 sector02 3 4 
220555991 sector02 3 4 
197807008 sector02 3 4 
370004962 sector02 3 4 
262924431 sector02 3 4 
197844760 sector02 3 4 
279649153 sector02 3 4 
237918728 sector02 3 4 
358252730 sector02 3 4 
425997102 sector02 3 4 
207238914 sector02 3 4 
370005082 sector02 3 4 
231287059 sector02 3 4 
262842575 sector02 3 4 
201921132 sector02 3 4 
207174676 sector02 3 4 
197885412 sector02 3 4 
279674637 sector02 3 4 
201924088 sector02 3 4 
370005306 sector02 3 4 
339598499 sector02 3 4 
220578307 sector02 3 4 
197880131 sector02 3 4 
197879857 sector02 3 4 
198033223 sector02 3 4 
201920975 sector02 3 4 
207171025 sector02 3 4 
279729078 sector02 3 4 
237928609 sector02 3 4 
358288697 sector02 3 4 
279738464 sector02 3 4 
207172935 sector02 3 4 
38466878 sector02 3 4 
207176927 sector02 3 4 
197792234 sector02 3 4 
220433364 sector02 4 1 
396697919 sector02 4 1 
220433100 sector02 4 1 
55745883 sector02 4 1 
55758201 sector02 4 1 
471015740 sector02 4 1 
55452078 sector02 4 1 
38759628 sector02 4 1 
55652063 sector02 4 1 
358290735 sector02 4 1 
372816349 sector02 4 1 
382160308 sector02 4 1 
220428553 sector02 4 1 
220481232 sector02 4 1 
382257922 sector02 4 1 
380436947 sector02 4 1 
38707423 sector02 4 1 
220408233 sector02 4 1 
382200069 sector02 4 1 
396721620 sector02 4 1 
350298298 sector02 4 1 
55367248 sector02 4 1 
309703910 sector02 4 1 
149497763 sector02 4 1 
220456379 sector02 4 1 
38510271 sector02 4 1 
220431469 sector02 4 1 
393747557 sector02 4 1 
38519210 sector02 4 1 
220473814 sector02 4 1 
38461205 sector02 4 1 
373599590 sector02 4 1 
396721425 sector02 4 1 
55604374 sector02 4 1 
38507951 sector02 4 1 
149423103 sector02 4 1 
38824524 sector02 4 1 
38461375 sector02 4 1 
198076680 sector02 4 1 
388129475 sector02 4 1 
372819328 sector02 4 1 
25116423 sector02 4 1 
382157798 sector02 4 1 
55744694 sector02 4 1 
309699893 sector02 4 1 
293164462 sector02 4 1 
220459976 sector02 4 1 
396721826 sector02 4 1 
220427721 sector02 4 1 
309703302 sector02 4 1 
198075908 sector02 4 1 
382268851 sector02 4 1 
293162317 sector02 4 1 
220473692 sector02 4 1 
293164461 sector02 4 1 
55292737 sector02 4 1 
396721668 sector02 4 1 
220398169 sector02 4 1 
220429428 sector02 4 1 
38842861 sector02 4 1 
382066323 sector02 4 1 
293164593 sector02 4 1 
393491843 sector02 4 1 
393747847 sector02 4 1 
220406929 sector02 4 1 
55603433 sector02 4 1 
309754992 sector02 4 1 
220404995 sector02 4 1 
220411238 sector02 4 1 
198073447 sector02 4 1 
38679565 sector02 4 1 
55368515 sector02 4 1 
38517036 sector02 4 1 
38699083 sector02 4 1 
382102420 sector02 4 1 
55556767 sector02 4 1 
38710797 sector02 4 1 
38423140 sector02 4 1 
38468788 sector02 4 1 
220429021 sector02 4 1 
293217787 sector02 4 1 
382041757 sector02 4 1 
38711446 sector02 4 1 
38954437 sector02 4 1 
55367436 sector02 4 1 
149105764 sector02 4 1 
55555122 sector02 4 1 
55389913 sector02 4 1 
38711910 sector02 4 1 
388129814 sector02 4 1 
55662960 sector02 4 1 
38908298 sector02 4 1 
198076859 sector02 4 1 
382302446 sector02 4 1 
198080032 sector02 4 1 
198077322 sector02 4 1 
396722474 sector02 4 1 
220393258 sector02 4 1 
38709256 sector02 4 1 
198079949 sector02 4 1 
350332008 sector02 4 1 
38941637 sector02 4 1 
29759037 sector02 4 1 
309618860 sector02 4 1 
55499867 sector02 4 1 
198074117 sector02 4 1 
38815338 sector02 4 1 
55651285 sector02 4 1 
220429097 sector02 4 1 
372817060 sector02 4 1 
220421168 sector02 4 1 
55476819 sector02 4 1 
38509205 sector02 4 1 
38698751 sector02 4 1 
38583597 sector02 4 1 
55481273 sector02 4 1 
149423851 sector02 4 1 
149126796 sector02 4 1 
220397697 sector02 4 1 
149391335 sector02 4 1 
38635640 sector02 4 1 
149503144 sector02 4 1 
293164373 sector02 4 1 
382028501 sector02 4 1 
372818797 sector02 4 1 
38518913 sector02 4 1 
382187671 sector02 4 1 
388130108 sector02 4 1 
370040542 sector02 4 1 
38584748 sector02 4 1 
350297460 sector02 4 1 
391948920 sector02 4 2 
141025090 sector02 4 2 
33734143 sector02 4 2 
231097055 sector02 4 2 
41031598 sector02 4 2 
140998116 sector02 4 2 
140635646 sector02 4 2 
238183068 sector02 4 2 
261156988 sector02 4 2 
141542585 sector02 4 2 
238228648 sector02 4 2 
142052876 sector02 4 2 
32154622 sector02 4 2 
141185142 sector02 4 2 
141770121 sector02 4 2 
141029712 sector02 4 2 
238196007 sector02 4 2 
140856506 sector02 4 2 
31011838 sector02 4 2 
238229567 sector02 4 2 
141526439 sector02 4 2 
140971842 sector02 4 2 
140598653 sector02 4 2 
25081729 sector02 4 2 
40521027 sector02 4 2 
30189015 sector02 4 2 
31530505 sector02 4 2 
33839044 sector02 4 2 
140635778 sector02 4 2 
140859822 sector02 4 2 
140599284 sector02 4 2 
302965835 sector02 4 2 
33714920 sector02 4 2 
370041736 sector02 4 2 
40275791 sector02 4 2 
314864825 sector02 4 2 
238187678 sector02 4 2 
238187464 sector02 4 2 
140598629 sector02 4 2 
141708335 sector02 4 2 
33717509 sector02 4 2 
25077712 sector02 4 2 
141621885 sector02 4 2 
140580497 sector02 4 2 
407621011 sector02 4 2 
141527579 sector02 4 2 
140826438 sector02 4 2 
370228465 sector02 4 2 
140943323 sector02 4 2 
31381302 sector02 4 2 
33910247 sector02 4 2 
140578791 sector02 4 2 
407662670 sector02 4 2 
358112997 sector02 4 2 
376985172 sector02 4 2 
299833015 sector02 4 2 
29761724 sector02 4 2 
314866838 sector02 4 2 
33732557 sector02 4 2 
141543744 sector02 4 2 
376935746 sector02 4 2 
141028120 sector02 4 2 
33732330 sector02 4 2 
280037554 sector02 4 2 
33878459 sector02 4 2 
407633204 sector02 4 2 
238190426 sector02 4 2 
293438926 sector02 4 2 
231091709 sector02 4 2 
141546245 sector02 4 2 
269795262 sector02 4 2 
238202391 sector02 4 2 
314830262 sector02 4 2 
32154200 sector02 4 2 
231080232 sector02 4 2 
29780677 sector02 4 2 
32153214 sector02 4 2 
140827256 sector02 4 2 
140630762 sector02 4 2 
33835711 sector02 4 2 
364424075 sector02 4 2 
314825813 sector02 4 2 
33878971 sector02 4 2 
33768741 sector02 4 2 
25081331 sector02 4 2 
238190326 sector02 4 2 
388131435 sector02 4 2 
25195850 sector02 4 2 
140632080 sector02 4 2 
33862452 sector02 4 2 
25133604 sector02 4 2 
25064373 sector02 4 2 
364537524 sector02 4 2 
238201762 sector02 4 2 
140857661 sector02 4 2 
260972843 sector02 4 2 
238226996 sector02 4 2 
238190353 sector02 4 2 
364588832 sector02 4 2 
141543620 sector02 4 2 
260950280 sector02 4 2 
364538944 sector02 4 2 
299802425 sector02 4 2 
388129049 sector02 4 2 
394701110 sector02 4 2 
33715956 sector02 4 2 
261327691 sector02 4 2 
294986219 sector02 4 2 
314866776 sector02 4 2 
376931422 sector02 4 2 
270395520 sector02 4 2 
140689204 sector02 4 2 
373985178 sector02 4 2 
141423536 sector02 4 2 
33866201 sector02 4 2 
29829050 sector02 4 2 
141769356 sector02 4 2 
364424201 sector02 4 2 
33833606 sector02 4 2 
33837062 sector02 4 2 
141609513 sector02 4 2 
238194408 sector02 4 2 
319289457 sector02 4 2 
141805220 sector02 4 2 
141154638 sector02 4 2 
25117180 sector02 4 2 
238189499 sector02 4 2 
307210830 sector02 4 3 
308183430 sector02 4 3 
300037819 sector02 4 3 
167365279 sector02 4 3 
307218058 sector02 4 3 
300243718 sector02 4 3 
300443029 sector02 4 3 
177308913 sector02 4 3 
177237464 sector02 4 3 
306824150 sector02 4 3 
167308252 sector02 4 3 
300810872 sector02 4 3 
308147525 sector02 4 3 
358176584 sector02 4 3 
271890477 sector02 4 3 
177386111 sector02 4 3 
287350461 sector02 4 3 
167338863 sector02 4 3 
167417695 sector02 4 3 
307493880 sector02 4 3 
176981169 sector02 4 3 
308543986 sector02 4 3 
176933645 sector02 4 3 
272289084 sector02 4 3 
167306154 sector02 4 3 
300559291 sector02 4 3 
271596225 sector02 4 3 
307212387 sector02 4 3 
166970183 sector02 4 3 
300868398 sector02 4 3 
300288280 sector02 4 3 
307433369 sector02 4 3 
300710077 sector02 4 3 
300561454 sector02 4 3 
300808454 sector02 4 3 
176986215 sector02 4 3 
287637462 sector02 4 3 
300445381 sector02 4 3 
306670604 sector02 4 3 
306894095 sector02 4 3 
287350462 sector02 4 3 
349683816 sector02 4 3 
271596253 sector02 4 3 
306895500 sector02 4 3 
176936529 sector02 4 3 
167572013 sector02 4 3 
176935123 sector02 4 3 
306508608 sector02 4 3 
167365789 sector02 4 3 
287349381 sector02 4 3 
307368943 sector02 4 3 
307634410 sector02 4 3 
349094270 sector02 4 3 
300656693 sector02 4 3 
453079030 sector02 4 3 
308662088 sector02 4 3 
300933050 sector02 4 3 
301866345 sector02 4 3 
300015056 sector02 4 3 
272429122 sector02 4 3 
271722127 sector02 4 3 
300138700 sector02 4 3 
271640913 sector02 4 3 
306895365 sector02 4 3 
299942954 sector02 4 3 
349479964 sector02 4 3 
307438562 sector02 4 3 
272356551 sector02 4 3 
306822783 sector02 4 3 
262609170 sector02 4 3 
167305187 sector02 4 3 
307160507 sector02 4 3 
272086159 sector02 4 3 
167365380 sector02 4 3 
271642286 sector02 4 3 
272287669 sector02 4 3 
177032912 sector02 4 3 
349788510 sector02 4 3 
177307545 sector02 4 3 
453099500 sector02 4 3 
177352028 sector02 4 3 
372908431 sector02 4 3 
300035308 sector02 4 3 
308544602 sector02 4 3 
306779339 sector02 4 3 
306576345 sector02 4 3 
306575891 sector02 4 3 
271972896 sector02 4 3 
271903832 sector02 4 3 
271889951 sector02 4 3 
271971296 sector02 4 3 
307084309 sector02 4 3 
350029026 sector02 4 3 
306632372 sector02 4 3 
271976527 sector02 4 3 
348839788 sector02 4 4 
260708537 sector02 4 4 
150139182 sector02 4 4 
349484401 sector02 4 4 
260004324 sector02 4 4 
279615427 sector02 4 4 
238027971 sector02 4 4 
150188736 sector02 4 4 
260002934 sector02 4 4 
279251651 sector02 4 4 
350708370 sector02 4 4 
294093302 sector02 4 4 
149988104 sector02 4 4 
348839628 sector02 4 4 
349643650 sector02 4 4 
294208421 sector02 4 4 
150031443 sector02 4 4 
293971351 sector02 4 4 
150100421 sector02 4 4 
167721744 sector02 4 4 
150323334 sector02 4 4 
167811672 sector02 4 4 
349192028 sector02 4 4 
279161271 sector02 4 4 
260350787 sector02 4 4 
294399648 sector02 4 4 
238920186 sector02 4 4 
260419365 sector02 4 4 
349643646 sector02 4 4 
279426213 sector02 4 4 
260271556 sector02 4 4 
260657291 sector02 4 4 
279424511 sector02 4 4 
260473060 sector02 4 4 
150300935 sector02 4 4 
150322652 sector02 4 4 
279159844 sector02 4 4 
350709476 sector02 4 4 
150248133 sector02 4 4 
150273301 sector02 4 4 
350477270 sector02 4 4 
350744357 sector02 4 4 
260193210 sector02 4 4 
293223210 sector02 4 4 
260658693 sector02 4 4 
294399715 sector02 4 4 
260130844 sector02 4 4 
278777358 sector02 4 4 
375058244 sector02 4 4 
278960677 sector02 4 4 
167554747 sector02 4 4 
374943662 sector02 4 4 
260542756 sector02 4 4 
150301109 sector02 4 4 
278683809 sector02 4 4 
350766856 sector02 4 4 
294052871 sector02 4 4 
279318895 sector02 4 4 
150441716 sector02 4 4 
348795934 sector02 4 4 
150143660 sector02 4 4 
255617369 sector02 4 4 
260355054 sector02 4 4 
260540633 sector02 4 4 
150108811 sector02 4 4 
237950463 sector02 4 4 
294272404 sector02 4 4 
260371843 sector02 4 4 
348795333 sector02 4 4 
294053838 sector02 4 4 
348795308 sector02 4 4 
260502242 sector02 4 4 
348844800 sector02 4 4 
260373133 sector02 4 4 
350619219 sector02 4 4 
150324337 sector02 4 4 
374912514 sector02 4 4 
167718226 sector02 4 4 
260244435 sector02 4 4 
260542013 sector02 4 4 
350711213 sector02 4 4 
150323643 sector02 4 4 
293222703 sector02 4 4 
150028833 sector02 4 4 
350768296 sector02 4 4 
150167643 sector02 4 4 
278826808 sector02 4 4 
350710135 sector02 4 4 
349828966 sector02 4 4 
349568905 sector02 4 4 
279160773 sector02 4 4 
349306411 sector02 4 4 
150322196 sector02 4 4 
260076744 sector02 4 4 
348796021 sector02 4 4 
278954852 sector02 4 4 
375059160 sector02 4 4 
294327681 sector02 4 4 
255595320 sector02 4 4 
260475252 sector02 4 4 
281496801 sector02 4 4 
167651956 sector02 4 4 
350621959 sector02 4 4 
375034775 sector02 4 4 
339633416 sector02 4 4 
279574462 sector02 4 4 
293934679 sector02 4 4 
279091702 sector02 4 4 
255560019 sector02 4 4 
348839382 sector02 4 4 
237948262 sector02 4 4 
279217122 sector02 4 4 
